1216.630413 1217.490267 0.407950 -0.016330 0.000000 0.000000 0.000000 -0.069620
1217.490267 1218.340166 0.461150 0.029270 0.000000 0.000000 0.000000 -0.001960
1215.570657 1216.630413 0.527360 -0.060690 0.000000 0.000000 0.000000 -0.068260
1218.340166 1219.200196 0.401120 0.029140 0.000000 0.000000 0.000000 0.059000
1220.050897 1220.901177 0.443950 0.002420 0.000000 0.000000 0.000000 0.000090
1225.170223 1226.020701 0.413850 0.001620 0.000000 0.000000 0.000000 -0.002210
1226.020701 1226.880841 0.406860 0.016770 0.000000 0.000000 0.000000 -0.014810
1222.610220 1223.460728 0.426690 0.000220 0.000000 0.000000 0.000000 -0.013110
1230.290192 1231.140831 0.436650 0.000420 0.000000 0.000000 0.000000 -0.003560
1231.140831 1232.000671 0.415580 0.022370 0.000000 0.000000 0.000000 -0.018330
1247.150769 1248.010609 0.427700 0.009090 0.000000 0.000000 0.000000 0.100900
1279.380577 1280.230595 0.439400 -0.004360 0.000000 0.000000 0.000000 -0.006160
1328.890169 1329.741440 0.467010 0.005440 0.000000 0.000000 0.000000 -0.002390
1443.700613 1444.550248 0.427770 0.006470 0.000000 0.000000 0.000000 -0.026680
1484.880799 1485.730320 0.438760 0.081460 0.000000 0.000000 0.000000 0.233720
1226.880841 1227.730196 0.474350 -0.004520 0.000000 0.000000 0.000000 -0.009260
1282.790330 1283.640185 0.399550 0.001580 0.000000 0.000000 0.000000 -0.009230
1295.170557 1296.020555 0.425070 0.022030 0.000000 0.000000 0.000000 0.012570
1232.850600 1233.710314 0.421720 0.009730 0.000000 0.000000 0.000000 -0.015330
1233.710314 1234.560664 0.431080 -0.004390 0.000000 0.000000 0.000000 -0.002490
1223.460728 1224.310302 0.452300 -0.014400 0.000000 0.000000 0.000000 -0.003160
1224.310302 1225.170223 0.454010 0.008860 0.000000 0.000000 0.000000 -0.015500
1219.200196 1220.050897 0.439470 0.015120 0.000000 0.000000 0.000000 0.043370
1220.901177 1221.760991 0.428390 -0.015180 0.000000 0.000000 0.000000 -0.000910
1221.760991 1222.610220 0.421140 0.010670 0.000000 0.000000 0.000000 -0.007380
1228.580581 1229.440544 0.423570 -0.006640 0.000000 0.000000 0.000000 -0.010820
1229.440544 1230.290192 0.437820 0.006560 0.000000 0.000000 0.000000 -0.005880
1252.700182 1253.550589 0.408370 0.003560 0.000000 0.000000 0.000000 -0.008810
1265.500255 1266.360251 0.439590 0.013020 0.000000 0.000000 0.000000 -0.021640
1261.230623 1262.090598 0.432930 0.061330 0.000000 0.000000 0.000000 0.193480
1281.930496 1282.790330 0.431860 -0.005140 0.000000 0.000000 0.000000 -0.002150
1227.730196 1228.580581 0.433870 0.007580 0.000000 0.000000 0.000000 -0.008980
1287.910260 1288.770269 0.399310 0.014690 0.000000 0.000000 0.000000 -0.003980
1308.820225 1309.680258 0.432460 0.019010 0.000000 0.000000 0.000000 0.000150
1313.090552 1313.940227 0.433200 0.006270 0.000000 0.000000 0.000000 -0.022990
1253.550589 1254.400259 0.433830 -0.020090 0.000000 0.000000 0.000000 -0.017010
1277.670626 1278.520238 0.420230 -0.001520 0.000000 0.000000 0.000000 -0.012510
1255.260275 1256.110804 0.416820 0.012390 0.000000 0.000000 0.000000 -0.013670
1267.210645 1268.060653 0.433080 -0.008530 0.000000 0.000000 0.000000 -0.021650
1251.850624 1252.700182 0.450180 0.014290 0.000000 0.000000 0.000000 -0.018490
1278.520238 1279.380577 0.442140 0.012030 0.000000 0.000000 0.000000 -0.001640
1232.000671 1232.850600 0.449150 -0.011300 0.000000 0.000000 0.000000 -0.002100
1234.560664 1235.410251 0.440820 0.003610 0.000000 0.000000 0.000000 -0.000510
1235.410251 1237.970221 0.129630 -0.029570 0.000000 0.000000 0.000000 -0.345800
1237.970221 1239.470241 0.229010 -0.180780 0.000000 0.000000 0.000000 -1.021510
1242.670535 1243.740195 0.497630 -0.017420 0.000000 0.000000 0.000000 0.075700
1239.470241 1242.670535 -0.001790 -0.072020 0.000000 0.000000 0.000000 -2.170150
1244.590630 1245.440205 0.437450 -0.010860 0.000000 0.000000 0.000000 0.003240
1245.440205 1246.300252 0.423480 0.096460 0.000000 0.000000 0.000000 0.221330
1246.300252 1247.150769 0.432080 -0.007910 0.000000 0.000000 0.000000 0.095420
1281.080245 1281.930496 0.433450 0.007340 0.000000 0.000000 0.000000 -0.007610
1243.740195 1244.590630 0.399220 0.081890 0.000000 0.000000 0.000000 0.257230
1437.720857 1438.570192 0.474360 0.046220 0.000000 0.000000 0.000000 0.204990
1660.300290 1661.150307 0.398890 0.140840 0.000000 0.000000 0.000000 0.535260
1546.770756 1547.620515 0.421110 -0.047010 0.000000 0.000000 0.000000 -0.040610
1531.190567 1532.040611 0.460790 -0.089340 0.000000 0.000000 0.000000 -0.202620
1589.230109 1590.300868 0.515750 0.045680 0.000000 0.000000 0.000000 0.020950
1248.010609 1248.860195 0.444810 0.013370 0.000000 0.000000 0.000000 -0.057960
1275.110790 1275.960036 0.423610 0.016110 0.000000 0.000000 0.000000 -0.022280
1436.860810 1437.720857 0.403050 -0.011740 0.000000 0.000000 0.000000 0.072590
1263.800163 1264.650919 0.424560 0.008150 0.000000 0.000000 0.000000 -0.011810
1276.820215 1277.670626 0.424130 -0.016890 0.000000 0.000000 0.000000 0.000320
1248.860195 1249.930549 0.523880 -0.066260 0.000000 0.000000 0.000000 -0.190400
1283.640185 1284.490268 0.453060 0.005710 0.000000 0.000000 0.000000 0.000440
1272.540207 1273.400203 0.428490 0.010680 0.000000 0.000000 0.000000 -0.012600
1254.400259 1255.260275 0.431540 0.001380 0.000000 0.000000 0.000000 -0.019770
1285.350195 1286.200589 0.380030 0.011870 0.000000 0.000000 0.000000 -0.014060
1286.200589 1287.061021 0.470110 0.005850 0.000000 0.000000 0.000000 -0.003220
1271.690402 1272.540207 0.436880 -0.013210 0.000000 0.000000 0.000000 -0.034990
1249.930549 1250.990587 0.555510 -0.006240 0.000000 0.000000 0.000000 -0.007820
1264.650919 1265.500255 0.414600 -0.018060 0.000000 0.000000 0.000000 -0.015830
1299.440624 1300.290241 0.428080 0.012760 0.000000 0.000000 0.000000 0.013260
1250.990587 1251.850624 0.429620 -0.006670 0.000000 0.000000 0.000000 -0.011290
1301.140615 1302.000642 0.448700 -0.015820 0.000000 0.000000 0.000000 0.006670
1296.880774 1297.730261 0.434300 -0.055110 0.000000 0.000000 0.000000 -0.185320
1312.240262 1313.090552 0.418530 0.052250 0.000000 0.000000 0.000000 0.147010
1275.960036 1276.820215 0.454570 0.014460 0.000000 0.000000 0.000000 -0.004510
1268.060653 1269.130642 0.535140 0.037210 0.000000 0.000000 0.000000 0.007600
1331.440296 1332.300741 0.442350 -0.014350 0.000000 0.000000 0.000000 -0.124650
1363.240620 1364.950262 0.235760 -0.036020 0.000000 0.000000 0.000000 -0.635990
1302.000642 1302.850283 0.421990 0.020890 0.000000 0.000000 0.000000 0.006470
1304.560648 1305.410171 0.430530 0.020050 0.000000 0.000000 0.000000 -0.010620
1258.670635 1259.530328 0.424050 0.022100 0.000000 0.000000 0.000000 -0.013760
1262.940310 1263.800163 0.449130 -0.025000 0.000000 0.000000 0.000000 -0.004260
1256.110804 1256.970744 0.454200 -0.021630 0.000000 0.000000 0.000000 -0.011560
1305.410171 1306.260243 0.428250 -0.038200 0.000000 0.000000 0.000000 0.004410
1287.061021 1287.910260 0.429490 0.014430 0.000000 0.000000 0.000000 -0.005260
1266.360251 1267.210645 0.431080 -0.030450 0.000000 0.000000 0.000000 -0.019050
1270.840158 1271.690402 0.452200 -0.018840 0.000000 0.000000 0.000000 -0.027040
1256.970744 1257.820116 0.424970 0.019530 0.000000 0.000000 0.000000 0.012840
1273.400203 1274.250781 0.414230 -0.030070 0.000000 0.000000 0.000000 -0.013370
1260.380266 1261.230623 0.425130 -0.009460 0.000000 0.000000 0.000000 -0.013010
1269.130642 1269.980254 0.431120 0.031290 0.000000 0.000000 0.000000 0.139770
1257.820116 1258.670635 0.445860 -0.005400 0.000000 0.000000 0.000000 0.031150
1288.770269 1289.620183 0.449470 0.012640 0.000000 0.000000 0.000000 0.058750
1307.970561 1308.820225 0.474560 -0.003740 0.000000 0.000000 0.000000 0.002870
1280.230595 1281.080245 0.429000 -0.001140 0.000000 0.000000 0.000000 0.099610
1259.530328 1260.380266 0.420940 -0.004800 0.000000 0.000000 0.000000 -0.004820
1262.090598 1262.940310 0.422250 0.018490 0.000000 0.000000 0.000000 -0.000050
1274.250781 1275.110790 0.447020 0.036380 0.000000 0.000000 0.000000 -0.024560
1334.010431 1334.860225 0.469710 -0.019960 0.000000 0.000000 0.000000 -0.001690
1478.690230 1479.540887 0.417040 0.027360 0.000000 0.000000 0.000000 0.272810
1353.640598 1354.490648 0.412900 -0.013710 0.000000 0.000000 0.000000 0.067780
1350.230620 1351.080174 0.439110 -0.010630 0.000000 0.000000 0.000000 -0.003520
1393.541085 1394.401521 0.402560 0.154300 0.000000 0.000000 0.000000 0.584860
1521.800486 1522.650567 0.005260 0.016740 0.000000 0.000000 0.000000 0.601350
1330.590272 1331.440296 0.437850 -0.017750 0.000000 0.000000 0.000000 -0.005270
1336.560397 1337.420221 0.425060 0.001910 0.000000 0.000000 0.000000 0.106680
1356.200253 1357.050614 0.333140 0.109570 0.000000 0.000000 0.000000 0.601270
1557.010588 1557.860453 0.407380 -0.051900 0.000000 0.000000 0.000000 -0.196150
1453.081186 1456.280442 0.409180 0.013940 0.000000 0.000000 0.000000 0.017880
1284.490268 1285.350195 0.462630 -0.023430 0.000000 0.000000 0.000000 -0.009740
1269.980254 1270.840158 0.421810 0.020940 0.000000 0.000000 0.000000 -0.029280
1307.120215 1307.970561 0.382160 0.026050 0.000000 0.000000 0.000000 -0.027770
1298.580600 1299.440624 0.443170 0.001600 0.000000 0.000000 0.000000 0.003670
1399.520276 1400.380199 0.237440 0.112880 0.000000 0.000000 0.000000 0.501970
1423.630448 1424.490569 0.430570 0.065470 0.000000 0.000000 0.000000 0.352650
1357.910556 1359.190885 0.332130 0.123860 0.000000 0.000000 0.000000 0.479070
1511.130613 1511.980290 0.447660 -0.036120 0.000000 0.000000 0.000000 -0.217000
1332.300741 1333.151013 0.414410 0.001890 0.000000 0.000000 0.000000 0.030990
1334.860225 1335.710654 0.433710 0.000140 0.000000 0.000000 0.000000 -0.010140
1582.190636 1583.050581 0.455800 -0.034630 0.000000 0.000000 0.000000 -0.230780
1367.720200 1368.790584 0.201160 0.022750 0.000000 0.000000 0.000000 0.182940
1364.950262 1366.871209 0.288830 -0.273700 0.000000 0.000000 0.000000 -0.638100
1422.780257 1423.630448 0.403460 -0.062780 0.000000 0.000000 0.000000 -0.207380
1351.930872 1352.780263 0.471120 -0.026960 0.000000 0.000000 0.000000 -0.001830
1289.620183 1292.180513 0.140610 0.008940 0.000000 0.000000 0.000000 0.034940
1297.730261 1298.580600 0.425730 0.008760 0.000000 0.000000 0.000000 0.014090
1292.180513 1295.170557 0.165040 0.000670 0.000000 0.000000 0.000000 0.011490
1296.020555 1296.880774 0.427250 0.006500 0.000000 0.000000 0.000000 -0.001830